0 50
1 126
2 134
3 243
4 165
5 11
6 57
7 7
8 6
9 250
10 83
11 178
12 201
13 209
14 205
15 202
16 124
17 17
18 177
19 8
20 40
21 21
22 147
23 108
24 80
25 24
26 150
27 227
28 59
29 240
30 236
31 158
32 12
33 18
34 169
35 20
36 186
37 135
38 127
39 189
40 137
41 247
42 56
43 173
44 242
45 231
46 249
47 190
48 112
49 143
50 91
51 94
52 69
53 125
54 54
55 31
56 216
57 25
58 191
59 230
60 30
61 79
62 86
63 149
64 157
65 87
66 98
67 226
68 58
69 26
70 130
71 2
72 188
73 160
74 179
75 132
76 73
77 43
78 46
79 234
80 82
81 146
82 187
83 68
84 210
85 100
86 183
87 229
88 123
89 93
90 90
91 170
92 75
93 32
94 144
95 107
96 255
97 148
98 192
99 101
100 77
101 154
102 48
103 67
104 22
105 133
106 194
107 36
108 60
109 106
110 122
111 138
112 110
113 113
114 119
115 238
116 45
117 72
118 71
119 239
120 14
121 65
122 95
123 151
124 224
125 10
126 197
127 217
128 81
129 244
130 172
131 211
132 99
133 96
134 61
135 49
136 103
137 92
138 35
139 221
140 222
141 44
142 139
143 141
144 120
145 166
146 174
147 76
148 15
149 193
150 167
151 129
152 153
153 37
154 117
155 155
156 215
157 145
158 28
159 89
160 109
161 33
162 64
163 237
164 63
165 97
166 111
167 104
168 228
169 42
170 121
171 142
172 214
173 199
174 74
175 196
176 204
177 115
178 180
179 5
180 105
181 175
182 182
183 66
184 206
185 235
186 0
187 131
188 161
189 114
190 195
191 85
192 13
193 53
194 1
195 41
196 47
197 241
198 84
199 233
200 200
201 39
202 162
203 102
204 52
205 220
206 19
207 51
208 171
209 118
210 23
211 254
212 246
213 248
214 88
215 252
216 184
217 163
218 4
219 219
220 55
221 38
222 207
223 27
224 245
225 225
226 29
227 156
228 185
229 232
230 3
231 223
232 198
233 213
234 16
235 128
236 208
237 62
238 168
239 251
240 212
241 9
242 140
243 159
244 70
245 78
246 34
247 218
248 152
249 203
250 253
251 164
252 136
253 116
254 176
255 181
